[-4.56962286 -4.49591927 -4.42221567 -4.34851208 -4.27480848 -4.20110489
 -4.12740129 -4.0536977  -3.9799941  -3.90629051 -3.83258692 -3.75888332
 -3.68517973 -3.61147613 -3.53777254 -3.46406894 -3.39036535 -3.31666175
 -3.24295816 -3.16925456 -3.09555097 -3.02184738 -2.94814378 -2.87444019
 -2.80073659 -2.727033   -2.6533294  -2.57962581 -2.50592221 -2.43221862
 -2.35851502 -2.28481143 -2.21110784 -2.13740424 -2.06370065 -1.98999705
 -1.91629346 -1.84258986 -1.76888627 -1.69518267 -1.62147908 -1.54777549
 -1.47407189 -1.4003683  -1.3266647  -1.25296111 -1.17925751 -1.10555392
 -1.03185032 -0.95814673 -0.88444313 -0.81073954 -0.73703595 -0.66333235
 -0.58962876 -0.51592516 -0.44222157 -0.36851797 -0.29481438 -0.22111078
 -0.14740719 -0.07370359  0.          0.07370359  0.14740719  0.22111078
  0.29481438  0.36851797  0.44222157  0.51592516  0.58962876  0.66333235
  0.73703595  0.81073954  0.88444313  0.95814673  1.03185032  1.10555392
  1.17925751  1.25296111  1.3266647   1.4003683   1.47407189  1.54777549
  1.62147908  1.69518267  1.76888627  1.84258986  1.91629346  1.98999705
  2.06370065  2.13740424  2.21110784  2.28481143  2.35851502  2.43221862
  2.50592221  2.57962581  2.6533294   2.727033    2.80073659  2.87444019
  2.94814378  3.02184738  3.09555097  3.16925456  3.24295816  3.31666175
  3.39036535  3.46406894  3.53777254  3.61147613  3.68517973  3.75888332
  3.83258692  3.90629051  3.9799941   4.0536977   4.12740129  4.20110489
  4.27480848  4.34851208  4.42221567  4.49591927  4.56962286]
[-1.4060378  -1.33003576 -1.25403372 -1.17803167 -1.10202963 -1.02602759
 -0.95002554 -0.8740235  -0.79802146 -0.72201941 -0.64601737 -0.57001533
 -0.49401328 -0.41801124 -0.3420092  -0.26600715 -0.19000511 -0.11400307
 -0.03800102  0.03800102  0.11400307  0.19000511  0.26600715  0.3420092
  0.41801124  0.49401328  0.57001533  0.64601737  0.72201941  0.79802146
  0.8740235   0.95002554  1.02602759  1.10202963  1.17803167  1.25403372
  1.33003576  1.4060378 ]
[[-0.01534798 -0.02858836 -0.03249635 ...  0.01958774 -0.0061565
  -0.00235817]
 [-0.0183174  -0.00853189 -0.01123535 ...  0.01244575  0.02794383
   0.0176091 ]
 [-0.00750968 -0.00293769 -0.00948159 ...  0.02895246  0.03639021
   0.03198143]
 ...
 [ 0.00589492  0.01882577  0.03020049 ... -0.01418262 -0.0038318
  -0.0216171 ]
 [-0.00083092  0.01310681  0.02571147 ... -0.02496698 -0.01894453
  -0.0198501 ]
 [ 0.01740342  0.00138911  0.02736534 ... -0.01610991 -0.01526296
  -0.01438361]]
