[-0.4        -0.39191919 -0.38383838 -0.37575758 -0.36767677 -0.35959596
 -0.35151515 -0.34343434 -0.33535354 -0.32727273 -0.31919192 -0.31111111
 -0.3030303  -0.29494949 -0.28686869 -0.27878788 -0.27070707 -0.26262626
 -0.25454545 -0.24646465 -0.23838384 -0.23030303 -0.22222222 -0.21414141
 -0.20606061 -0.1979798  -0.18989899 -0.18181818 -0.17373737 -0.16565657
 -0.15757576 -0.14949495 -0.14141414 -0.13333333 -0.12525253 -0.11717172
 -0.10909091 -0.1010101  -0.09292929 -0.08484848 -0.07676768 -0.06868687
 -0.06060606 -0.05252525 -0.04444444 -0.03636364 -0.02828283 -0.02020202
 -0.01212121 -0.0040404   0.0040404   0.01212121  0.02020202  0.02828283
  0.03636364  0.04444444  0.05252525  0.06060606  0.06868687  0.07676768
  0.08484848  0.09292929  0.1010101   0.10909091  0.11717172  0.12525253
  0.13333333  0.14141414  0.14949495  0.15757576  0.16565657  0.17373737
  0.18181818  0.18989899  0.1979798   0.20606061  0.21414141  0.22222222
  0.23030303  0.23838384  0.24646465  0.25454545  0.26262626  0.27070707
  0.27878788  0.28686869  0.29494949  0.3030303   0.31111111  0.31919192
  0.32727273  0.33535354  0.34343434  0.35151515  0.35959596  0.36767677
  0.37575758  0.38383838  0.39191919  0.4       ]
[-0.4        -0.39191919 -0.38383838 -0.37575758 -0.36767677 -0.35959596
 -0.35151515 -0.34343434 -0.33535354 -0.32727273 -0.31919192 -0.31111111
 -0.3030303  -0.29494949 -0.28686869 -0.27878788 -0.27070707 -0.26262626
 -0.25454545 -0.24646465 -0.23838384 -0.23030303 -0.22222222 -0.21414141
 -0.20606061 -0.1979798  -0.18989899 -0.18181818 -0.17373737 -0.16565657
 -0.15757576 -0.14949495 -0.14141414 -0.13333333 -0.12525253 -0.11717172
 -0.10909091 -0.1010101  -0.09292929 -0.08484848 -0.07676768 -0.06868687
 -0.06060606 -0.05252525 -0.04444444 -0.03636364 -0.02828283 -0.02020202
 -0.01212121 -0.0040404   0.0040404   0.01212121  0.02020202  0.02828283
  0.03636364  0.04444444  0.05252525  0.06060606  0.06868687  0.07676768
  0.08484848  0.09292929  0.1010101   0.10909091  0.11717172  0.12525253
  0.13333333  0.14141414  0.14949495  0.15757576  0.16565657  0.17373737
  0.18181818  0.18989899  0.1979798   0.20606061  0.21414141  0.22222222
  0.23030303  0.23838384  0.24646465  0.25454545  0.26262626  0.27070707
  0.27878788  0.28686869  0.29494949  0.3030303   0.31111111  0.31919192
  0.32727273  0.33535354  0.34343434  0.35151515  0.35959596  0.36767677
  0.37575758  0.38383838  0.39191919  0.4       ]
[[-0.01540593  0.00845651 -0.01069751 ...  0.0044436   0.01377636
  -0.01771732]
 [-0.00712651  0.020308    0.00827874 ...  0.00342832  0.0052629
   0.01071538]
 [ 0.01331536 -0.00372868 -0.01349125 ... -0.01186144  0.00941806
   0.00521707]
 ...
 [ 0.01214651  0.01636296 -0.01891001 ...  0.01832884  0.01617935
  -0.0199985 ]
 [ 0.00754274 -0.01441213 -0.00515361 ...  0.01360354  0.0146936
  -0.01903264]
 [ 0.02090576  0.00926988  0.01773807 ... -0.00443857 -0.01995209
  -0.02982026]]
