[-4.56962286 -4.53291906 -4.49621526 -4.45951147 -4.42280767 -4.38610387
 -4.34940007 -4.31269627 -4.27599248 -4.23928868 -4.20258488 -4.16588108
 -4.12917728 -4.09247349 -4.05576969 -4.01906589 -3.98236209 -3.94565829
 -3.9089545  -3.8722507  -3.8355469  -3.7988431  -3.7621393  -3.7254355
 -3.68873171 -3.65202791 -3.61532411 -3.57862031 -3.54191651 -3.50521272
 -3.46850892 -3.43180512 -3.39510132 -3.35839752 -3.32169373 -3.28498993
 -3.24828613 -3.21158233 -3.17487853 -3.13817474 -3.10147094 -3.06476714
 -3.02806334 -2.99135954 -2.95465575 -2.91795195 -2.88124815 -2.84454435
 -2.80784055 -2.77113675 -2.73443296 -2.69772916 -2.66102536 -2.62432156
 -2.58761776 -2.55091397 -2.51421017 -2.47750637 -2.44080257 -2.40409877
 -2.36739498 -2.33069118 -2.29398738 -2.25728358 -2.22057978 -2.18387599
 -2.14717219 -2.11046839 -2.07376459 -2.03706079 -2.000357   -1.9636532
 -1.9269494  -1.8902456  -1.8535418  -1.816838   -1.78013421 -1.74343041
 -1.70672661 -1.67002281 -1.63331901 -1.59661522 -1.55991142 -1.52320762
 -1.48650382 -1.44980002 -1.41309623 -1.37639243 -1.33968863 -1.30298483
 -1.26628103 -1.22957724 -1.19287344 -1.15616964 -1.11946584 -1.08276204
 -1.04605825 -1.00935445 -0.97265065 -0.93594685 -0.89924305 -0.86253925
 -0.82583546 -0.78913166 -0.75242786 -0.71572406 -0.67902026 -0.64231647
 -0.60561267 -0.56890887 -0.53220507 -0.49550127 -0.45879748 -0.42209368
 -0.38538988 -0.34868608 -0.31198228 -0.27527849 -0.23857469 -0.20187089
 -0.16516709 -0.12846329 -0.0917595  -0.0550557  -0.0183519   0.0183519
  0.0550557   0.0917595   0.12846329  0.16516709  0.20187089  0.23857469
  0.27527849  0.31198228  0.34868608  0.38538988  0.42209368  0.45879748
  0.49550127  0.53220507  0.56890887  0.60561267  0.64231647  0.67902026
  0.71572406  0.75242786  0.78913166  0.82583546  0.86253925  0.89924305
  0.93594685  0.97265065  1.00935445  1.04605825  1.08276204  1.11946584
  1.15616964  1.19287344  1.22957724  1.26628103  1.30298483  1.33968863
  1.37639243  1.41309623  1.44980002  1.48650382  1.52320762  1.55991142
  1.59661522  1.63331901  1.67002281  1.70672661  1.74343041  1.78013421
  1.816838    1.8535418   1.8902456   1.9269494   1.9636532   2.000357
  2.03706079  2.07376459  2.11046839  2.14717219  2.18387599  2.22057978
  2.25728358  2.29398738  2.33069118  2.36739498  2.40409877  2.44080257
  2.47750637  2.51421017  2.55091397  2.58761776  2.62432156  2.66102536
  2.69772916  2.73443296  2.77113675  2.80784055  2.84454435  2.88124815
  2.91795195  2.95465575  2.99135954  3.02806334  3.06476714  3.10147094
  3.13817474  3.17487853  3.21158233  3.24828613  3.28498993  3.32169373
  3.35839752  3.39510132  3.43180512  3.46850892  3.50521272  3.54191651
  3.57862031  3.61532411  3.65202791  3.68873171  3.7254355   3.7621393
  3.7988431   3.8355469   3.8722507   3.9089545   3.94565829  3.98236209
  4.01906589  4.05576969  4.09247349  4.12917728  4.16588108  4.20258488
  4.23928868  4.27599248  4.31269627  4.34940007  4.38610387  4.42280767
  4.45951147  4.49621526  4.53291906  4.56962286]
[-1.40603780e+00 -1.36903681e+00 -1.33203581e+00 -1.29503482e+00
 -1.25803382e+00 -1.22103283e+00 -1.18403183e+00 -1.14703084e+00
 -1.11002984e+00 -1.07302885e+00 -1.03602786e+00 -9.99026860e-01
 -9.62025865e-01 -9.25024871e-01 -8.88023876e-01 -8.51022881e-01
 -8.14021886e-01 -7.77020891e-01 -7.40019896e-01 -7.03018902e-01
 -6.66017907e-01 -6.29016912e-01 -5.92015917e-01 -5.55014922e-01
 -5.18013928e-01 -4.81012933e-01 -4.44011938e-01 -4.07010943e-01
 -3.70009948e-01 -3.33008953e-01 -2.96007959e-01 -2.59006964e-01
 -2.22005969e-01 -1.85004974e-01 -1.48003979e-01 -1.11002984e-01
 -7.40019896e-02 -3.70009948e-02 -1.95126943e-16  3.70009948e-02
  7.40019896e-02  1.11002984e-01  1.48003979e-01  1.85004974e-01
  2.22005969e-01  2.59006964e-01  2.96007959e-01  3.33008953e-01
  3.70009948e-01  4.07010943e-01  4.44011938e-01  4.81012933e-01
  5.18013928e-01  5.55014922e-01  5.92015917e-01  6.29016912e-01
  6.66017907e-01  7.03018902e-01  7.40019896e-01  7.77020891e-01
  8.14021886e-01  8.51022881e-01  8.88023876e-01  9.25024871e-01
  9.62025865e-01  9.99026860e-01  1.03602786e+00  1.07302885e+00
  1.11002984e+00  1.14703084e+00  1.18403183e+00  1.22103283e+00
  1.25803382e+00  1.29503482e+00  1.33203581e+00  1.36903681e+00
  1.40603780e+00]
[[ 0.02941969 -0.0354912  -0.07233985 ... -0.0092147  -0.0700951
  -0.15031933]
 [ 0.1052788   0.02119837  0.02983442 ...  0.1225596  -0.03042107
   0.10394714]
 [-0.09185149 -0.07721236 -0.06722758 ...  0.02995401  0.0473891
  -0.02668004]
 ...
 [ 0.05989711 -0.20586058  0.01703843 ... -0.02573764  0.12337123
  -0.03830921]
 [-0.01517753  0.03516226 -0.11817562 ... -0.21623473 -0.06018366
   0.00746702]
 [ 0.09315694  0.14928016 -0.07726904 ...  0.20426862  0.02182477
  -0.04193111]]
