[-0.4        -0.39191919 -0.38383838 -0.37575758 -0.36767677 -0.35959596
 -0.35151515 -0.34343434 -0.33535354 -0.32727273 -0.31919192 -0.31111111
 -0.3030303  -0.29494949 -0.28686869 -0.27878788 -0.27070707 -0.26262626
 -0.25454545 -0.24646465 -0.23838384 -0.23030303 -0.22222222 -0.21414141
 -0.20606061 -0.1979798  -0.18989899 -0.18181818 -0.17373737 -0.16565657
 -0.15757576 -0.14949495 -0.14141414 -0.13333333 -0.12525253 -0.11717172
 -0.10909091 -0.1010101  -0.09292929 -0.08484848 -0.07676768 -0.06868687
 -0.06060606 -0.05252525 -0.04444444 -0.03636364 -0.02828283 -0.02020202
 -0.01212121 -0.0040404   0.0040404   0.01212121  0.02020202  0.02828283
  0.03636364  0.04444444  0.05252525  0.06060606  0.06868687  0.07676768
  0.08484848  0.09292929  0.1010101   0.10909091  0.11717172  0.12525253
  0.13333333  0.14141414  0.14949495  0.15757576  0.16565657  0.17373737
  0.18181818  0.18989899  0.1979798   0.20606061  0.21414141  0.22222222
  0.23030303  0.23838384  0.24646465  0.25454545  0.26262626  0.27070707
  0.27878788  0.28686869  0.29494949  0.3030303   0.31111111  0.31919192
  0.32727273  0.33535354  0.34343434  0.35151515  0.35959596  0.36767677
  0.37575758  0.38383838  0.39191919  0.4       ]
[-0.4        -0.39191919 -0.38383838 -0.37575758 -0.36767677 -0.35959596
 -0.35151515 -0.34343434 -0.33535354 -0.32727273 -0.31919192 -0.31111111
 -0.3030303  -0.29494949 -0.28686869 -0.27878788 -0.27070707 -0.26262626
 -0.25454545 -0.24646465 -0.23838384 -0.23030303 -0.22222222 -0.21414141
 -0.20606061 -0.1979798  -0.18989899 -0.18181818 -0.17373737 -0.16565657
 -0.15757576 -0.14949495 -0.14141414 -0.13333333 -0.12525253 -0.11717172
 -0.10909091 -0.1010101  -0.09292929 -0.08484848 -0.07676768 -0.06868687
 -0.06060606 -0.05252525 -0.04444444 -0.03636364 -0.02828283 -0.02020202
 -0.01212121 -0.0040404   0.0040404   0.01212121  0.02020202  0.02828283
  0.03636364  0.04444444  0.05252525  0.06060606  0.06868687  0.07676768
  0.08484848  0.09292929  0.1010101   0.10909091  0.11717172  0.12525253
  0.13333333  0.14141414  0.14949495  0.15757576  0.16565657  0.17373737
  0.18181818  0.18989899  0.1979798   0.20606061  0.21414141  0.22222222
  0.23030303  0.23838384  0.24646465  0.25454545  0.26262626  0.27070707
  0.27878788  0.28686869  0.29494949  0.3030303   0.31111111  0.31919192
  0.32727273  0.33535354  0.34343434  0.35151515  0.35959596  0.36767677
  0.37575758  0.38383838  0.39191919  0.4       ]
[[ 0.015107    0.00030909 -0.00966359 ... -0.00440806 -0.00722784
   0.00068253]
 [-0.00748656 -0.01852239 -0.01070482 ... -0.00899328 -0.00600589
  -0.01093083]
 [-0.00203539 -0.01988577 -0.01129949 ... -0.00842344  0.00073037
  -0.01278901]
 ...
 [ 0.00267118 -0.00483072  0.00822182 ... -0.0006531  -0.01286268
  -0.01970225]
 [-0.00829367  0.00684082  0.02815376 ...  0.00899387  0.00234767
  -0.02232168]
 [ 0.00115309 -0.02940608  0.02215043 ...  0.00804227 -0.00229104
   0.0118837 ]]
