[-0.4        -0.39678715 -0.3935743  -0.39036145 -0.38714859 -0.38393574
 -0.38072289 -0.37751004 -0.37429719 -0.37108434 -0.36787149 -0.36465863
 -0.36144578 -0.35823293 -0.35502008 -0.35180723 -0.34859438 -0.34538153
 -0.34216867 -0.33895582 -0.33574297 -0.33253012 -0.32931727 -0.32610442
 -0.32289157 -0.31967871 -0.31646586 -0.31325301 -0.31004016 -0.30682731
 -0.30361446 -0.30040161 -0.29718876 -0.2939759  -0.29076305 -0.2875502
 -0.28433735 -0.2811245  -0.27791165 -0.2746988  -0.27148594 -0.26827309
 -0.26506024 -0.26184739 -0.25863454 -0.25542169 -0.25220884 -0.24899598
 -0.24578313 -0.24257028 -0.23935743 -0.23614458 -0.23293173 -0.22971888
 -0.22650602 -0.22329317 -0.22008032 -0.21686747 -0.21365462 -0.21044177
 -0.20722892 -0.20401606 -0.20080321 -0.19759036 -0.19437751 -0.19116466
 -0.18795181 -0.18473896 -0.1815261  -0.17831325 -0.1751004  -0.17188755
 -0.1686747  -0.16546185 -0.162249   -0.15903614 -0.15582329 -0.15261044
 -0.14939759 -0.14618474 -0.14297189 -0.13975904 -0.13654618 -0.13333333
 -0.13012048 -0.12690763 -0.12369478 -0.12048193 -0.11726908 -0.11405622
 -0.11084337 -0.10763052 -0.10441767 -0.10120482 -0.09799197 -0.09477912
 -0.09156627 -0.08835341 -0.08514056 -0.08192771 -0.07871486 -0.07550201
 -0.07228916 -0.06907631 -0.06586345 -0.0626506  -0.05943775 -0.0562249
 -0.05301205 -0.0497992  -0.04658635 -0.04337349 -0.04016064 -0.03694779
 -0.03373494 -0.03052209 -0.02730924 -0.02409639 -0.02088353 -0.01767068
 -0.01445783 -0.01124498 -0.00803213 -0.00481928 -0.00160643  0.00160643
  0.00481928  0.00803213  0.01124498  0.01445783  0.01767068  0.02088353
  0.02409639  0.02730924  0.03052209  0.03373494  0.03694779  0.04016064
  0.04337349  0.04658635  0.0497992   0.05301205  0.0562249   0.05943775
  0.0626506   0.06586345  0.06907631  0.07228916  0.07550201  0.07871486
  0.08192771  0.08514056  0.08835341  0.09156627  0.09477912  0.09799197
  0.10120482  0.10441767  0.10763052  0.11084337  0.11405622  0.11726908
  0.12048193  0.12369478  0.12690763  0.13012048  0.13333333  0.13654618
  0.13975904  0.14297189  0.14618474  0.14939759  0.15261044  0.15582329
  0.15903614  0.162249    0.16546185  0.1686747   0.17188755  0.1751004
  0.17831325  0.1815261   0.18473896  0.18795181  0.19116466  0.19437751
  0.19759036  0.20080321  0.20401606  0.20722892  0.21044177  0.21365462
  0.21686747  0.22008032  0.22329317  0.22650602  0.22971888  0.23293173
  0.23614458  0.23935743  0.24257028  0.24578313  0.24899598  0.25220884
  0.25542169  0.25863454  0.26184739  0.26506024  0.26827309  0.27148594
  0.2746988   0.27791165  0.2811245   0.28433735  0.2875502   0.29076305
  0.2939759   0.29718876  0.30040161  0.30361446  0.30682731  0.31004016
  0.31325301  0.31646586  0.31967871  0.32289157  0.32610442  0.32931727
  0.33253012  0.33574297  0.33895582  0.34216867  0.34538153  0.34859438
  0.35180723  0.35502008  0.35823293  0.36144578  0.36465863  0.36787149
  0.37108434  0.37429719  0.37751004  0.38072289  0.38393574  0.38714859
  0.39036145  0.3935743   0.39678715  0.4       ]
[-0.16       -0.15676768 -0.15353535 -0.15030303 -0.14707071 -0.14383838
 -0.14060606 -0.13737374 -0.13414141 -0.13090909 -0.12767677 -0.12444444
 -0.12121212 -0.1179798  -0.11474747 -0.11151515 -0.10828283 -0.10505051
 -0.10181818 -0.09858586 -0.09535354 -0.09212121 -0.08888889 -0.08565657
 -0.08242424 -0.07919192 -0.0759596  -0.07272727 -0.06949495 -0.06626263
 -0.0630303  -0.05979798 -0.05656566 -0.05333333 -0.05010101 -0.04686869
 -0.04363636 -0.04040404 -0.03717172 -0.03393939 -0.03070707 -0.02747475
 -0.02424242 -0.0210101  -0.01777778 -0.01454545 -0.01131313 -0.00808081
 -0.00484848 -0.00161616  0.00161616  0.00484848  0.00808081  0.01131313
  0.01454545  0.01777778  0.0210101   0.02424242  0.02747475  0.03070707
  0.03393939  0.03717172  0.04040404  0.04363636  0.04686869  0.05010101
  0.05333333  0.05656566  0.05979798  0.0630303   0.06626263  0.06949495
  0.07272727  0.0759596   0.07919192  0.08242424  0.08565657  0.08888889
  0.09212121  0.09535354  0.09858586  0.10181818  0.10505051  0.10828283
  0.11151515  0.11474747  0.1179798   0.12121212  0.12444444  0.12767677
  0.13090909  0.13414141  0.13737374  0.14060606  0.14383838  0.14707071
  0.15030303  0.15353535  0.15676768  0.16      ]
[[-2.18813506e-02 -1.28118777e-02  7.97847293e-03 ...  4.96177161e-02
   5.91117029e-02 -4.03702390e-02]
 [ 3.12006988e-02  3.93748807e-03  2.49486595e-02 ... -5.94303197e-02
   2.16955459e-02 -7.25948452e-02]
 [-4.34444466e-02  2.33173336e-02  2.55732408e-03 ...  2.36765509e-02
  -5.58236033e-02 -3.00663315e-02]
 ...
 [ 5.40228374e-02 -7.05092828e-02 -4.97889568e-02 ... -2.90440866e-02
   2.24130972e-02  1.06716128e-04]
 [-4.39407970e-02 -2.48226502e-03  3.14141285e-03 ... -1.74900263e-02
   1.47555907e-02 -5.66873182e-03]
 [ 2.50066285e-02  2.63118169e-02 -1.16311704e-01 ... -1.84555736e-03
   5.17593270e-02 -1.95185541e-02]]
